final_equity: 888398.7764830017
starting_cash: 100000
total_return_pct: 788.3987764830017
