final_equity: 402622.12572265626
starting_cash: 100000
total_return_pct: 302.6221257226562
